0   0   0       
0   1   0       
0   2   0       
0   3   0       
0   4   0       
0   5   0       
0   6   0       
0   7   0       
0   8   0       
0   9   0       
0   10   0      
0   11   0      
0   12   0      
0   13   0      
0   14   0      
0   15   0      
1   0   0       
1   1   -13     
1   2   -24     
1   3   -33     
1   4   -40     
1   5   -45     
1   6   -48     
1   7   -49     
1   8   -48     
1   9   -45     
1   10   -40    
1   11   -33    
1   12   -24    
1   13   -13    
1   14   0      
2   0   0       
2   1   -24     
2   2   -44     
2   3   -60     
2   4   -72     
2   5   -80     
2   6   -84     
2   7   -84     
2   8   -80     
2   9   -72     
2   10   -60    
2   11   -44    
2   12   -24    
2   13   0      
3   0   0       
3   1   -33     
3   2   -60     
3   3   -81     
3   4   -96     
3   5   -105    
3   6   -108    
3   7   -105    
3   8   -96     
3   9   -81     
3   10   -60    
3   11   -33    
3   12   0      
4   0   0       
4   1   -40     
4   2   -72     
4   3   -96     
4   4   -112    
4   5   -120    
4   6   -120    
4   7   -112    
4   8   -96     
4   9   -72     
4   10   -40    
4   11   0      
5   0   0       
5   1   -45     
5   2   -80     
5   3   -105    
5   4   -120    
5   5   -125    
5   6   -120    
5   7   -105    
5   8   -80     
5   9   -45     
5   10   0      
6   0   0       
6   1   -48     
6   2   -84     
6   3   -108    
6   4   -120    
6   5   -120    
6   6   -108    
6   7   -84     
6   8   -48     
6   9   0       
7   0   0       
7   1   -49     
7   2   -84     
7   3   -105    
7   4   -112    
7   5   -105    
7   6   -84     
7   7   -49     
7   8   0       
8   0   0       
8   1   -48     
8   2   -80     
8   3   -96     
8   4   -96     
8   5   -80     
8   6   -48     
8   7   0       
9   0   0       
9   1   -45     
9   2   -72     
9   3   -81     
9   4   -72     
9   5   -45     
9   6   0       
10   0   0      
10   1   -40    
10   2   -60    
10   3   -60    
10   4   -40    
10   5   0      
11   0   0      
11   1   -33    
11   2   -44    
11   3   -33    
11   4   0      
12   0   0      
12   1   -24    
12   2   -24    
12   3   0      
13   0   0      
13   1   -13    
13   2   0      
14   0   0      
14   1   0      
15   0   0      